54
64
56
43
34
38
44
42
51
70
79
93
94
94
91
99
95
102
77
88
77
56
57
70
77
73
70
60
49
45
59
49
40
26
20
37
57
94
102
98
94
87
86
84
78
77
74
80
88
87
80
78
83
83
78
85
75
51
46
51
64
67
62
68
69
58
61
63
68
66
61
57
46
30
38
31
56
54
37
26
41
45
70
75
73
77
81
85
83
83
79
81
80
81
76
65
49
59
52
47
45
47
44
49
41
43
84
96
100
101
99
103
103
103
97
95
83
74
67
49
33
29
23
18
36
28
29
42
48
69
80.5
92
85
82
78
76
82
81
88
81
80
81
79
72
71
79
73
96
77
67
72
50
74
66
68
89
102
112
113
120
107
99
88
98
92
83
71
46
56
47
59
73
85
80
48
48
51
49
53
58
71
100
102
94
92
86
83
86
76
85
77
83
94
83
50
67
78
64
60
44
51
69
78
98
86
98
111
111
106
95
96
90
87
87
79
75
73
75
71
59
71
53
47
51
57
82
71
82
96
96
106
110
106
103
99
91
86
95
97
91
91
92
89
94
89
90
86
96
77
79
87
112
116.5
121
121
120
115
120
114
114
100
95
101
91
72.38
72
72
77.5
83
75
78
71
68
60
56
37
66
98
111
112
100
76
83
87
96
96
91
83
76
80
77
73
80
65
45
41
27
40
65
87
101
108
104
99
98
97
90
89
90
85
73
54
44
62
66
52
47
40
65
72
55
69
87
98
104
111
112
103
98
98
100
119
113
103
94
83
87
93
91
95
92
95
94
83
84
81
82
93
88
88
80
89
92
99
93
95
96
94
87
77
67
73
82
81
86
86
81
86
87
68
81
94
104
107
106
109
111
85
80
81
81
87
85
57
47
51
59
41
18
6
9
17
25
21
73
68
94
96
97
97
101
102
107
102
95
86
88
86
73
52
42
26
10
5
5
10
9
23
32
78
85
80
86
94
87
86
95
104
95
79
64
25
25
59
81
84
73
68
61
58
58
77
82.33
87.67
93
98
103
99
89
81
79
79
80
83
84
78
73
71
71
29
38
46
50
38
37
42
63
49
73
91
93
97
96
84
84
87
84
84
81
63
45
49
54
30
36
29
19
19
21
73
37
58
79
86
95
86
89
93
84
75
63
81
96
96
104
103
91
89
85
100
109
96
70
63
52
60
75
83
101
118
115
102
90
81
86
98
96
99
84
77
70
66
66
67
47
37
44
50
67
77
67
74
99
110
104
95
91
85
81
68
54
49
54
32
21
25
25
29
34
47
54
67
83
89
94
91
86
86
86
82
74
72
74
82
88
102
91
90
80
69
60
50
42
43
20
24
53
63
71
81
86
79
63
60
60
52
58
66
67
64
48
43
36
43
45
35
28
25
39
41
65
68
68
67
63
75
78
75
59
62
47
54
52
60
62
56
55
55
41
28
18
42
46
46
51
43
50
57
62
67
61
60
50
55
40
36
37
55
56
53
52
40
37
37
32
33
25
48
52.5
57
60
62
68
74
68
60
52
49
46
52
41
21
